7 42
0 1 6
1 0 6
0 2 32
2 0 32
0 3 19
3 0 19
0 4 11
4 0 11
0 5 89
5 0 89
0 6 53
6 0 53
1 2 10
2 1 10
1 3 64
3 1 64
1 4 57
4 1 57
1 5 58
5 1 58
1 6 9
6 1 9
2 3 71
3 2 71
2 4 95
4 2 95
2 5 53
5 2 53
2 6 37
6 2 37
3 4 73
4 3 73
3 5 12
5 3 12
3 6 12
6 3 12
4 5 96
5 4 96
4 6 41
6 4 41
5 6 31
6 5 31